4381173634 92653 7 448000000
4381173648 86821 0 288000000
4381173662 0 0 0
4381173676 0 0 0
4381173690 0 0 0
4381173705 0 0 0
4381173719 0 0 0
4381173733 0 0 0
4381173747 0 0 0
4381173761 0 0 0
4381173775 0 0 0
4381173790 0 0 0
4381173804 0 0 0
4381173819 0 0 0
4381173833 0 0 0
4381173847 0 0 0
4381173861 0 0 0
4381173875 0 0 0
4381173891 20453 0 120000000
4381173905 56378 0 440000000
4381173919 69662 0 348000000
4381173934 0 0 0
4381173948 0 0 0
4381173962 0 0 0
4381173976 0 0 0
4381173990 0 0 0
4381174005 0 0 0
4381174019 0 0 0
4381174033 0 0 0
4381174048 0 0 0
4381174063 0 0 0
4381174077 0 0 0
4381174092 0 0 0
4381174106 0 0 0
4381174120 0 0 0
4381174135 0 0 0
4381174152 3638 0 32000000
4381174167 23293 0 332000000
4381174181 49017 0 448000000
4381174196 38960 0 336000000
4381174211 0 0 0
4381174226 0 0 0
4381174241 0 0 0
4381174257 0 0 0
4381174272 0 0 0
4381174286 0 0 0
4381174300 0 0 0
4381174315 0 0 0
4381174329 0 0 0
4381174343 0 0 0
4381174357 0 0 0
4381174372 0 0 0
4381174386 0 0 0
4381174400 0 0 0
4381174415 0 0 0
4381174429 11984 0 96000000
4381174443 24206 0 292000000
4381174457 31831 0 452000000
4381174472 28024 0 352000000
4381174487 0 0 0
4381174502 0 0 0
4381174516 0 0 0
4381174530 0 0 0
4381174544 0 0 0
4381174558 0 0 0
4381174572 0 0 0
4381174586 0 0 0
4381174600 0 0 0
4381174614 0 0 0
4381174629 0 0 0
4381174643 0 0 0
4381174657 0 0 0
4381174672 0 0 0
4381174686 2940 0 68000000
4381174700 15040 0 152000000
4381174714 11795 0 72000000
4381174728 19377 0 376000000
4381174742 18625 0 440000000
4381174756 10123 0 120000000
4381174771 0 0 0
4381174786 0 0 0
4381174801 0 0 0
4381174815 0 0 0
4381174830 0 0 0
4381174844 0 0 0
4381174858 0 0 0
4381174872 0 0 0
4381174886 0 0 0
4381174900 0 0 0
4381174914 0 0 0
4381174928 0 0 0
4381174942 0 0 0
4381174956 5975 0 132000000
4381174971 14851 0 336000000
4381174985 6678 0 36000000
4381175000 12610 0 264000000
4381175014 17262 0 424000000
4381175028 7946 0 104000000
4381175042 0 0 0
4381175057 0 0 0
4381175072 0 0 0
4381175086 0 0 0
4381175100 0 0 0
4381175114 0 0 0
4381175128 0 0 0
4381175142 0 0 0
4381175157 0 0 0
4381175171 0 0 0
4381175185 0 0 0
4381175199 0 0 0
4381175213 0 0 0
4381175228 3810 0 164000000
4381175242 10870 0 436000000
4381175256 8328 0 236000000
4381175270 14929 0 208000000
4381175284 15396 0 268000000
4381175298 0 0 0
4381175313 0 0 0
4381175328 0 0 0
4381175343 0 0 0
4381175357 0 0 0
4381175371 0 0 0
4381175386 0 0 0
4381175400 0 0 0
4381175415 0 0 0
4381175429 0 0 0
4381175443 0 0 0
4381175457 0 0 0
4381175471 0 0 0
4381175485 0 0 0
4381175499 0 0 0
4381175515 6828 0 348000000
4381175529 6315 0 428000000
4381175543 12894 0 420000000
4381175557 15286 0 432000000
4381175572 2662 0 24000000
4381175587 0 0 0
4381175601 0 0 0
4381175616 0 0 0
4381175631 0 0 0
4381175646 0 0 0
4381175660 0 0 0
4381175674 0 0 0
4381175689 0 0 0
4381175703 0 0 0
4381175718 0 0 0
4381175732 0 0 0
4381175746 0 0 0
4381175760 0 0 0
4381175775 0 0 0
4381175789 25 0 0
4381175803 4739 0 256000000
4381175818 7800 0 424000000
4381175832 12132 0 420000000
4381175846 10910 0 344000000
4381175861 0 0 0
4381175876 0 0 0
4381175890 0 0 0
4381175904 0 0 0
4381175918 0 0 0
4381175932 0 0 0
4381175946 0 0 0
4381175961 0 0 0
4381175976 0 0 0
4381175990 0 0 0
4381176004 0 0 0
4381176019 0 0 0
4381176033 0 0 0
4381176048 0 0 0
4381176063 0 0 0
4381176077 574 0 12000000
4381176091 3691 0 244000000
4381176106 7399 0 448000000
4381176120 8859 0 456000000
4381176134 6665 0 336000000
4381176149 3260 0 120000000
4381176163 0 0 0
4381176177 0 0 0
4381176191 0 0 0
4381176205 0 0 0
4381176220 0 0 0
4381176234 0 0 0
4381176248 0 0 0
4381176263 0 0 0
4381176278 0 0 0
4381176293 0 0 0
4381176308 0 0 0
4381176323 0 0 0
4381176338 0 0 0
4381176352 2211 0 56000000
4381176366 1813 0 24000000
4381176380 7900 0 128000000
4381176394 10186 0 352000000
4381176408 10226 0 368000000
4381176422 7940 0 376000000
4381176437 6676 0 380000000
4381176451 27982 1 356000000
4381176465 31489 94 332000000
4381176479 15565 274 92000000
4381176493 634 19 0
4381176507 0 0 0
4381176522 0 0 0
4381176537 0 0 0
4381176551 0 0 0
4381176565 0 0 0
4381176579 0 0 0
4381176593 0 0 0
4381176607 935 0 12000000
4381176621 7693 0 52000000
4381176635 3167 252 24000000
4381176649 10250 443 56000000
4381176663 18188 325 104000000
4381176677 1931 61 0
4381176691 0 0 0
4381176705 2372 54 20000000
4381176719 19664 106 224000000
4381176733 29259 180 360000000
4381176747 21877 493 268000000
4381176761 12826 494 144000000
4381176775 10002 578 68000000
4381176789 6460 538 32000000
4381176803 2371 417 12000000
4381176817 1659 323 4000000
4381176832 0 0 0
4381176846 0 0 0
4381176861 0 0 0
4381176876 835 0 20000000
4381176890 5919 0 56000000
4381176905 389 4 4000000
4381176919 6390 173 92000000
4381176933 9299 477 76000000
4381176947 8336 586 32000000
4381176961 3109 342 20000000
4381176976 0 0 0
4381176990 8959 133 96000000
4381177004 15698 345 204000000
4381177019 10122 544 88000000
4381177033 8714 505 120000000
4381177048 7887 553 132000000
4381177062 7563 553 120000000
4381177076 6069 482 160000000
4381177090 6613 646 56000000
4381177104 5744 558 104000000
4381177118 4448 595 36000000
4381177132 2655 456 20000000
4381177146 2148 340 4000000
4381177160 2490 266 16000000
4381177174 2315 235 16000000
4381177188 5673 199 40000000
4381177203 528 51 8000000
4381177217 3973 409 40000000
4381177231 4859 531 52000000
4381177245 4520 517 56000000
4381177259 5088 386 44000000
4381177273 9269 428 108000000
4381177287 5851 325 40000000
4381177301 4551 316 32000000
4381177315 3246 348 20000000
4381177329 908 64 12000000
4381177344 4347 497 48000000
4381177359 4832 601 60000000
4381177373 4650 549 112000000
4381177388 4733 668 92000000
4381177402 4362 603 64000000
4381177417 4464 649 80000000
4381177432 4301 642 128000000
4381177446 3506 480 100000000
4381177461 3418 530 60000000
4381177476 4366 635 80000000
4381177490 4374 647 80000000
4381177504 4232 616 96000000
4381177518 4054 662 48000000
4381177532 5449 634 56000000
4381177547 3533 384 60000000
4381177562 3385 389 68000000
4381177576 4884 686 80000000
4381177591 4467 654 100000000
4381177605 4966 789 52000000
4381177619 3477 582 44000000
4381177633 2429 422 32000000
4381177647 2928 539 16000000
4381177662 1409 246 12000000
4381177676 0 0 0
4381177690 2504 436 28000000
4381177704 2875 499 24000000
4381177718 4351 791 36000000
4381177732 3051 556 36000000
4381177746 3639 686 48000000
4381177760 2458 456 76000000
4381177774 3355 610 56000000
4381177788 4332 841 92000000
4381177802 2999 633 80000000
4381177816 3866 785 64000000
4381177830 3970 826 56000000
4381177844 2165 419 60000000
4381177858 3463 687 112000000
4381177872 4174 859 60000000
4381177887 3490 651 84000000
4381177902 3992 795 96000000
4381177917 2412 501 104000000
4381177931 2935 617 108000000
4381177946 3849 851 76000000
4381177960 2763 602 68000000
4381177974 3803 813 96000000
4381177988 3399 768 48000000
4381178002 1941 439 44000000
4381178016 3121 789 76000000
4381178030 3031 763 44000000
4381178044 3237 734 44000000
4381178059 2644 656 48000000
4381178073 1577 336 28000000
4381178087 3539 843 68000000
4381178101 3171 735 40000000
4381178115 3419 825 36000000
4381178129 3041 795 48000000
4381178143 2310 553 44000000
4381178157 1482 362 36000000
4381178171 2392 614 56000000
4381178185 2173 529 20000000
4381178199 2101 441 20000000
4381178214 3543 854 60000000
4381178228 3488 809 44000000
4381178243 2986 712 48000000
4381178258 1992 533 60000000
4381178273 3474 819 60000000
4381178287 2389 551 56000000
4381178301 1900 499 64000000
4381178315 2968 720 68000000
4381178329 2769 692 76000000
4381178343 3398 802 92000000
4381178357 2498 665 108000000
4381178371 1674 432 88000000
4381178385 2618 680 68000000
4381178399 2811 754 96000000
4381178413 1954 461 88000000
4381178427 2838 772 76000000
4381178441 2024 580 76000000
4381178455 1666 457 96000000
4381178469 2553 706 76000000
4381178484 2825 681 76000000
4381178498 2375 659 96000000
4381178512 2730 754 92000000
4381178526 1828 473 96000000
4381178540 2633 667 84000000
4381178554 2997 789 68000000
4381178568 1864 517 68000000
4381178582 2569 695 92000000
4381178596 3215 845 68000000
4381178610 2571 649 68000000
4381178624 2742 745 40000000
4381178639 1595 474 48000000
4381178653 2411 650 60000000
4381178667 2879 774 44000000
4381178681 1598 448 28000000
4381178695 3146 795 60000000
4381178711 3091 730 44000000
4381178725 1157 318 20000000
4381178739 2759 745 36000000
4381178753 2170 623 40000000
4381178767 2451 727 52000000
4381178782 1956 559 56000000
4381178796 2020 616 48000000
4381178810 1692 486 20000000
4381178825 2111 594 40000000
4381178839 2075 591 28000000
4381178853 1204 340 56000000
4381178868 2561 682 60000000
4381178883 3053 762 76000000
4381178897 1103 343 88000000
4381178911 2418 626 124000000
4381178925 2562 705 100000000
4381178940 2403 622 100000000
4381178954 2665 706 96000000
4381178968 2438 666 88000000
4381178983 2539 622 156000000
4381178997 2376 653 136000000
4381179011 3127 837 104000000
4381179026 2756 776 100000000
4381179041 2213 611 76000000
4381179055 2980 801 92000000
4381179070 2902 746 80000000
4381179084 2511 668 96000000
4381179098 2702 717 76000000
4381179112 1850 537 48000000
4381179127 1980 572 64000000
4381179141 2248 613 88000000
4381179155 1855 516 64000000
4381179170 2258 657 76000000
4381179184 2895 786 68000000
4381179199 2028 561 72000000
4381179213 2755 767 68000000
4381179227 2460 743 44000000
4381179242 1704 494 44000000
4381179256 2062 601 12000000
4381179270 2104 603 24000000
4381179284 2698 715 48000000
4381179299 1815 496 52000000
4381179313 2249 556 28000000
4381179327 3293 814 48000000
4381179342 1837 447 24000000
4381179356 3278 805 40000000
4381179370 2823 707 88000000
4381179384 1942 486 72000000
4381179399 2878 764 112000000
4381179413 2877 808 56000000
4381179427 2880 761 36000000
4381179441 2507 686 36000000
4381179455 1222 322 56000000
4381179469 2975 779 116000000
4381179483 2583 670 60000000
4381179497 1526 419 72000000
4381179511 2159 518 80000000
4381179526 2946 767 104000000
4381179540 2519 647 92000000
4381179555 2172 532 80000000
4381179570 3151 777 88000000
4381179584 1974 499 92000000
4381179598 2356 599 172000000
4381179612 2974 714 104000000
4381179627 2567 657 112000000
4381179641 2798 733 124000000
4381179655 2529 665 100000000
4381179670 2558 643 64000000
4381179685 2638 693 60000000
4381179699 2745 713 120000000
4381179713 2418 633 104000000
4381179728 2781 733 92000000
4381179742 2538 647 56000000
4381179756 2012 513 72000000
4381179770 1914 447 28000000
4381179784 932 209 12000000
4381179798 0 0 0
4381179812 0 0 0
4381179826 0 0 0
4381179840 0 0 0
4381179854 0 0 0
4381179868 0 0 0
4381179882 0 0 0
4381179897 0 0 0
4381179911 0 0 0
4381179925 0 0 0
4381179940 124 40 36000000
4381179954 0 0 0
4381179969 0 0 0
4381179983 1043 246 8000000
4381179997 1036 261 12000000
4381180011 1205 279 20000000
4381180025 1005 244 20000000
4381180040 0 0 0
4381180054 0 0 0
4381180069 0 0 0
4381180084 0 0 0
4381180099 0 0 0
4381180113 0 0 0
4381180127 0 0 0
4381180142 0 0 0
4381180156 0 0 0
4381180170 0 0 0
4381180184 0 0 0
4381180198 0 0 0
4381180212 0 0 0
4381180226 0 0 0
4381180244 0 0 0
4381180259 0 0 0
4381180273 16 1 12000000
4381186095 88320 2 496000000
4381186110 80354 0 464000000
4381186124 64260 0 304000000
4381186139 0 0 0
4381186154 0 0 0
4381186169 0 0 0
4381186183 0 0 0
4381186198 0 0 0
4381186212 0 0 0
4381186226 0 0 0
4381186240 0 0 0
4381186254 0 0 0
4381186269 0 0 0
4381186283 0 0 0
4381186297 0 0 0
4381186311 0 0 0
4381186325 0 0 0
4381186339 0 0 0
4381186353 11576 0 32000000
4381186367 47431 0 232000000
4381186381 64502 0 444000000
4381186395 53189 0 404000000
4381186410 1477 0 0
4381186424 0 0 0
4381186439 0 0 0
4381186453 0 0 0
4381186467 0 0 0
4381186481 0 0 0
4381186495 0 0 0
4381186509 0 0 0
4381186523 0 0 0
4381186537 0 0 0
4381186551 0 0 0
4381186565 0 0 0
4381186579 0 0 0
4381186594 0 0 0
4381186608 5433 0 48000000
4381186622 14894 0 116000000
4381186636 30673 0 212000000
4381186650 43657 0 340000000
4381186664 40447 0 416000000
4381186679 12767 0 96000000
4381186694 0 0 0
4381186709 0 0 0
4381186724 0 0 0
4381186739 0 0 0
4381186753 0 0 0
4381186767 0 0 0
4381186781 0 0 0
4381186795 0 0 0
4381186809 0 0 0
4381186824 0 0 0
4381186838 0 0 0
4381186852 0 0 0
4381186868 2463 0 32000000
4381186882 9909 0 100000000
4381186896 15559 0 320000000
4381186910 27185 0 424000000
4381186924 29235 0 412000000
4381186939 29562 0 464000000
4381186954 10660 0 80000000
4381186968 0 0 0
4381186983 0 0 0
4381186998 0 0 0
4381187012 0 0 0
4381187026 0 0 0
4381187041 0 0 0
4381187055 0 0 0
4381187069 0 0 0
4381187083 0 0 0
4381187097 0 0 0
4381187111 0 0 0
4381187126 0 0 0
4381187140 5461 0 104000000
4381187154 3052 0 32000000
4381187168 7105 0 276000000
4381187183 11804 0 468000000
4381187197 15574 0 444000000
4381187211 20192 0 464000000
4381187226 20128 0 440000000
4381187241 15084 0 220000000
4381187256 0 0 0
4381187270 0 0 0
4381187285 0 0 0
4381187299 0 0 0
4381187313 0 0 0
4381187327 0 0 0
4381187342 0 0 0
4381187356 0 0 0
4381187370 0 0 0
4381187384 0 0 0
4381187398 1304 0 32000000
4381187413 5572 0 64000000
4381187428 0 0 0
4381187442 0 0 0
4381187457 7245 0 140000000
4381187471 12376 0 156000000
4381187485 12287 0 388000000
4381187499 16028 0 444000000
4381187513 10286 0 408000000
4381187528 8099 0 424000000
4381187543 1227 0 360000000
4381187558 5180 0 368000000
4381187572 7153 0 360000000
4381187586 4419 0 92000000
4381187600 0 0 0
4381187614 0 0 0
4381187628 0 0 0
4381187642 0 0 0
4381187657 81 15 0
4381187671 13324 346 40000000
4381187685 4330 122 16000000
4381187700 0 0 0
4381187714 7774 32 24000000
4381187728 22752 195 116000000
4381187742 10332 385 60000000
4381187756 16329 355 104000000
4381187770 13948 488 96000000
4381187784 19595 281 120000000
4381187799 16332 330 80000000
4381187813 9712 506 60000000
4381187828 13413 438 112000000
4381187843 17718 298 264000000
4381187858 16765 472 192000000
4381187872 7687 531 88000000
4381187886 7308 664 76000000
4381187900 6393 624 48000000
4381187915 5380 519 40000000
4381187929 867 121 12000000
4381187944 3971 535 36000000
4381187958 3283 507 24000000
4381187972 3888 545 32000000
4381187986 5698 556 68000000
4381188001 7328 715 80000000
4381188016 7975 578 96000000
4381188031 10700 626 88000000
4381188046 8274 507 88000000
4381188060 6620 436 112000000
4381188074 6582 469 96000000
4381188089 6458 606 124000000
4381188103 5092 499 44000000
4381188117 6608 480 140000000
4381188131 6740 530 136000000
4381188145 7416 633 104000000
4381188160 6317 602 116000000
4381188175 5146 532 152000000
4381188189 6080 712 116000000
4381188204 6477 781 128000000
4381188218 5026 705 108000000
4381188233 4018 670 96000000
4381188247 2832 483 112000000
4381188261 3533 608 100000000
4381188275 3547 617 104000000
4381188289 3541 622 108000000
4381188304 3377 593 160000000
4381188318 5129 882 92000000
4381188332 4370 775 104000000
4381188347 3271 573 96000000
4381188362 4484 778 156000000
4381188377 4049 771 128000000
4381188392 5413 982 124000000
4381188406 4374 826 92000000
4381188421 3958 712 92000000
4381188435 4696 885 116000000
4381188449 2954 597 108000000
4381188463 4084 782 128000000
4381188478 4759 953 112000000
4381188493 3431 696 104000000
4381188507 3152 624 60000000
4381188522 4679 956 108000000
4381188536 3440 724 92000000
4381188551 2845 593 112000000
4381188565 2993 621 120000000
4381188579 3138 640 116000000
4381188593 2794 651 76000000
4381188608 3748 767 52000000
4381188622 4013 816 52000000
4381188636 2147 450 64000000
4381188650 3344 745 124000000
4381188665 4234 891 88000000
4381188679 3332 708 100000000
4381188693 1591 370 56000000
4381188707 2764 616 80000000
4381188721 3632 799 88000000
4381188735 3018 648 72000000
4381188750 2504 604 56000000
4381188765 2784 759 64000000
4381188780 2929 738 92000000
4381188794 2379 631 52000000
4381188809 2769 780 68000000
4381188823 2279 621 108000000
4381188837 2333 617 100000000
4381188851 3138 831 116000000
4381188866 3330 959 92000000
4381188880 2164 654 116000000
4381188894 2534 773 160000000
4381188908 3249 1005 100000000
4381188922 2627 721 100000000
4381188936 2681 765 120000000
4381188950 3096 1021 116000000
4381188965 2796 878 84000000
4381188979 2536 736 116000000
4381188993 3674 1055 128000000
4381189007 3168 924 128000000
4381189021 2034 618 80000000
4381189036 2387 665 100000000
4381189050 2275 671 108000000
4381189065 1934 646 108000000
4381189079 2925 896 80000000
4381189094 2766 894 80000000
4381189109 3143 1008 128000000
4381189124 2470 782 144000000
4381189139 2297 788 120000000
4381189153 2566 838 124000000
4381189167 2772 936 92000000
4381189182 3385 1108 124000000
4381189196 2072 685 116000000
4381189210 2329 794 84000000
4381189224 2757 857 120000000
4381189238 2398 850 128000000
4381189252 2352 789 84000000
4381189266 2018 698 108000000
4381189280 1509 532 76000000
4381189294 1638 596 120000000
4381189308 1925 669 120000000
4381189322 1895 677 84000000
4381189337 2311 808 100000000
4381189352 2389 758 40000000
4381189366 2523 807 84000000
4381189380 2161 764 60000000
4381189394 2586 864 64000000
4381189409 2520 845 48000000
4381189423 2350 861 80000000
4381189437 1063 394 64000000
4381189452 2171 881 44000000
4381189466 1527 593 60000000
4381189480 1049 400 84000000
4381189495 1622 626 112000000
4381189509 2132 821 48000000
4381189523 2066 809 76000000
4381189537 1988 809 104000000
4381189551 1511 560 52000000
4381189565 1094 446 76000000
4381189580 1689 702 116000000
4381189594 2044 911 68000000
4381189608 2064 831 88000000
4381189623 2595 1027 92000000
4381189637 1425 587 120000000
4381189652 2309 823 104000000
4381189667 3011 1121 164000000
4381189681 1670 691 116000000
4381189695 1556 630 92000000
4381189709 3069 1187 136000000
4381189723 1994 842 136000000
4381189738 2760 1088 80000000
4381189753 3160 1282 164000000
4381189768 2022 855 180000000
4381189782 2420 997 144000000
4381189796 2417 1025 112000000
4381189810 2803 1210 168000000
4381189825 2817 1232 152000000
4381189839 1790 734 120000000
4381189854 2346 1031 160000000
4381189868 1802 749 136000000
4381189883 1962 884 100000000
4381189898 2215 968 112000000
4381189913 2176 992 112000000
4381189928 1776 829 116000000
4381189942 2649 1167 144000000
4381189956 2435 1150 144000000
4381189971 1619 700 84000000
4381189985 1664 764 84000000
4381189999 2415 1043 104000000
4381190013 1520 658 108000000
4381190027 2192 935 112000000
4381190042 2172 964 92000000
4381190056 1684 749 88000000
4381190071 1487 650 80000000
4381190085 1887 821 116000000
4381190100 1584 728 72000000
4381190114 965 484 108000000
4381190128 1257 636 32000000
4381190142 1974 924 72000000
4381190156 787 343 36000000
4381190171 1764 898 68000000
4381190185 1400 667 60000000
4381190199 1629 766 32000000
4381190213 1846 879 52000000
4381190227 1031 565 40000000
4381190241 1270 622 40000000
4381190256 1979 1023 60000000
4381190270 1153 615 48000000
4381190284 1472 738 60000000
4381190298 1170 635 56000000
4381190313 1142 624 60000000
4381190328 1492 748 76000000
4381190342 957 502 32000000
4381190356 995 476 52000000
4381190370 1516 735 80000000
4381190384 1208 645 28000000
4381190399 1333 645 84000000
4381190414 1663 871 68000000
4381190428 1482 753 68000000
4381190442 1093 578 64000000
4381190456 1526 766 64000000
4381190470 1791 865 100000000
4381190484 1377 683 132000000
4381190499 1920 909 124000000
4381190513 2031 999 64000000
4381190528 2353 1215 120000000
4381190542 1981 999 88000000
4381190557 2167 1044 136000000
4381190572 2449 1249 128000000
4381190586 1604 820 116000000
4381190600 1999 1005 148000000
4381190614 1546 814 132000000
4381190629 2496 1274 92000000
4381190643 2583 1246 120000000
4381190657 1773 843 132000000
4381190671 1702 811 88000000
4381190686 2087 1061 108000000
4381190700 2485 1193 88000000
4381190715 2309 1181 156000000
4381190729 1427 745 128000000
4381190743 2015 1000 116000000
4381190758 1958 1028 140000000
4381190773 2211 1133 188000000
4381190788 1725 923 136000000
4381190802 2198 1105 128000000
4381190816 2503 1279 140000000
4381190831 1636 845 92000000
4381190846 1868 967 88000000
4381190861 1870 1025 88000000
4381190876 2251 1157 116000000
4381190891 1505 743 104000000
4381190905 1716 900 72000000
4381190920 1772 968 88000000
4381190934 1196 648 88000000
4381190948 1128 651 76000000
4381190963 1566 784 84000000
4381190978 1612 823 132000000
4381190992 1389 655 72000000
4381191006 1452 594 64000000
4381191021 1484 596 48000000
4381191036 1925 834 72000000
4381191050 2251 877 24000000
4381191065 1652 631 12000000
4381191079 2059 878 32000000
4381191094 2068 814 32000000
4381191109 2079 848 20000000
4381191124 2019 788 28000000
4381191138 975 368 36000000
4381191152 1919 671 56000000
4381191166 1385 508 36000000
4381191180 1520 583 56000000
4381191194 1701 604 64000000
4381191209 1771 597 56000000
4381191223 1627 630 68000000
4381191238 1780 580 44000000
4381191252 1826 622 80000000
4381191267 1917 656 84000000
4381191282 2993 1099 84000000
4381191296 2623 915 72000000
4381191310 3036 1051 88000000
4381191325 3493 1274 148000000
4381191339 2265 829 76000000
4381191353 1654 646 128000000
4381191368 2713 934 120000000
4381191382 2531 897 136000000
4381191397 2184 794 100000000
4381191412 3086 1126 100000000
4381191426 2592 920 76000000
4381191440 3039 1088 128000000
4381191454 2593 956 80000000
4381191469 2604 940 92000000
4381191484 1902 763 72000000
4381191498 2937 1120 84000000
4381191512 3024 1134 76000000
4381191526 2756 1066 88000000
4381191540 2174 892 92000000
4381191555 2939 1098 128000000
4381191569 1776 675 72000000
4381191583 1972 703 132000000
4381191597 1686 642 48000000
4381191611 1920 719 56000000
4381191626 2792 1017 112000000
4381191640 2599 998 68000000
4381191655 2648 992 96000000
4381191669 1306 555 88000000
4381191683 1712 663 88000000
4381191698 1764 673 144000000
4381191712 2255 918 88000000
4381191727 2376 907 96000000
4381191741 2400 912 100000000
4381191755 2615 998 100000000
4381191770 3027 1147 84000000
4381191784 2546 978 80000000
4381191798 1792 726 100000000
4381191813 1965 756 152000000
4381191827 2061 863 108000000
4381191842 2921 1224 124000000
4381191856 1829 760 92000000
4381191871 1430 607 84000000
4381191886 2270 964 84000000
4381191901 2501 1008 108000000
4381191915 1565 641 140000000
4381191930 2013 829 72000000
4381191944 2080 860 84000000
4381191959 1994 786 84000000
4381191973 2132 971 124000000
4381191987 1920 835 92000000
4381192001 1315 580 60000000
4381192016 1857 795 80000000
4381192031 1844 827 68000000
4381192045 1318 602 44000000
4381192059 1655 688 76000000
4381192073 1135 515 28000000
4381192088 1356 577 76000000
4381192102 1813 756 56000000
4381192117 2142 908 56000000
4381192132 2331 923 68000000
4381192147 1401 591 60000000
4381192161 1310 530 56000000
4381192176 1913 821 72000000
4381192190 1686 647 84000000
4381192205 1912 805 40000000
4381192219 1495 702 52000000
4381192234 1432 566 108000000
4381192248 1567 642 100000000
4381192262 1935 797 72000000
4381192276 2028 848 76000000
4381192290 1980 836 76000000
4381192304 1959 798 84000000
4381192318 1711 755 64000000
4381192333 1477 636 140000000
4381192347 1583 682 52000000
4381192361 2036 884 48000000
4381192376 2475 1150 88000000
4381192390 2539 1110 104000000
4381192404 2087 910 108000000
4381192419 1768 743 92000000
4381192434 2962 1273 100000000
4381192448 2526 1065 84000000
4381192463 1579 659 92000000
4381192478 2263 978 80000000
4381192492 2814 1170 128000000
4381192506 1671 718 84000000
4381192520 1881 832 116000000
4381192535 2948 1300 128000000
4381192549 2522 1127 100000000
4381192563 1914 895 124000000
4381192577 2576 1134 100000000
4381192592 2500 1112 88000000
4381192607 2055 932 104000000
4381192622 2059 962 120000000
4381192636 1743 793 56000000
4381192651 3059 1438 156000000
4381192666 2747 1293 100000000
4381192680 2380 1047 68000000
4381192694 2121 1008 96000000
4381192708 1719 777 76000000
4381192722 2575 1263 100000000
4381192736 1871 971 112000000
4381192750 2298 1092 132000000
4381192764 1941 917 120000000
4381192778 1212 632 136000000
4381192793 2264 1080 124000000
4381192808 2201 1054 72000000
4381192823 1275 629 112000000
4381192838 1215 605 92000000
4381192852 1289 634 80000000
4381192866 1081 539 32000000
4381192880 1487 786 96000000
4381192894 1519 815 92000000
4381192909 1569 802 92000000
4381192923 1957 917 124000000
4381192937 1710 826 64000000
4381192951 1488 738 76000000
4381192966 1475 733 84000000
4381192981 867 443 80000000
4381192995 1468 775 84000000
4381193010 1292 636 108000000
4381193024 1287 631 52000000
4381193039 1962 959 68000000
4381193053 1261 656 76000000
4381193067 1326 704 92000000
4381193081 1671 871 100000000
4381193095 1567 820 108000000
4381193109 1684 851 68000000
4381193123 1358 748 76000000
4381193137 1798 903 64000000
4381193151 947 535 88000000
4381193166 872 457 96000000
4381193181 1283 698 84000000
4381193195 1736 927 100000000
4381193210 1136 535 76000000
4381193224 1499 726 84000000
4381193238 1589 846 60000000
4381193253 1369 708 76000000
4381193268 1146 609 72000000
4381193282 1441 778 64000000
4381193296 1351 720 80000000
4381193310 1422 744 72000000
4381193325 1391 789 68000000
4381193339 1255 708 24000000
4381193354 1342 766 56000000
4381193368 1368 736 68000000
4381193382 1202 647 76000000
4381193397 1391 703 136000000
4381193411 1426 743 84000000
4381193425 1688 943 76000000
4381193441 1560 867 140000000
4381193455 2010 1044 116000000
4381193469 1095 635 88000000
4381193483 2148 1178 108000000
4381193497 2133 1239 116000000
4381193511 1500 784 116000000
4381193525 1266 746 112000000
4381193539 1645 873 100000000
4381193554 1730 1010 128000000
4381193568 1784 1058 92000000
4381193582 1879 1081 140000000
4381193596 1350 784 128000000
4381193610 1692 1003 84000000
4381193624 1617 910 76000000
4381193638 1266 805 88000000
4381193653 1398 841 68000000
4381193667 1840 1099 60000000
4381193681 2262 1286 116000000
4381193695 1488 795 124000000
4381193710 1595 950 120000000
4381193724 1966 1167 144000000
4381193739 2031 1225 108000000
4381193753 1193 761 104000000
4381193767 1427 774 76000000
4381193781 1993 1111 92000000
4381193795 1462 846 96000000
4381193809 1415 831 120000000
4381193823 1404 847 84000000
4381193838 1311 825 104000000
4381193853 1627 989 128000000
4381193867 1748 1031 132000000
4381193881 1702 1181 104000000
4381193895 937 633 68000000
4381193909 1312 802 92000000
4381193924 1401 900 72000000
4381193939 1617 1038 128000000
4381193954 1103 747 100000000
4381193968 1497 1012 140000000
4381193983 1507 917 132000000
4381193997 1280 822 88000000
4381194011 1392 873 96000000
4381194025 1269 758 72000000
4381194039 960 551 48000000
4381194054 1830 1170 88000000
4381194069 1777 1170 176000000
4381194083 1589 1043 84000000
4381194097 1123 781 64000000
4381194111 1068 697 68000000
4381194126 787 520 84000000
4381194141 1249 796 92000000
4381194155 1362 928 72000000
4381194170 941 617 92000000
4381194185 1595 1022 80000000
4381194199 1262 833 80000000
4381194214 856 618 88000000
4381194228 1211 811 108000000
4381194243 1427 902 64000000
4381194258 1026 636 52000000
4381194272 1265 783 60000000
4381194286 1037 715 104000000
4381194300 961 622 64000000
4381194315 814 544 68000000
4381194329 613 441 56000000
4381194344 866 531 60000000
4381194359 1111 646 88000000
4381194373 683 469 56000000
4381194387 942 614 72000000
4381194401 963 574 40000000
4381194415 851 518 40000000
4381194430 1076 719 56000000
4381194445 890 515 68000000
4381194459 999 651 36000000
4381194473 1044 624 96000000
4381194488 993 636 96000000
4381194502 1737 1090 116000000
4381194516 1223 799 64000000
4381194530 1081 712 104000000
4381194544 1512 1018 120000000
4381194558 1349 917 88000000
4381194573 1419 968 108000000
4381194587 1280 920 92000000
4381194601 1546 1095 84000000
4381194616 1724 1205 152000000
4381194631 1417 874 96000000
4381194645 1272 831 144000000
4381194660 1759 1237 112000000
4381194674 1364 950 96000000
4381194689 1637 1103 156000000
4381194704 1794 1230 132000000
4381194719 1090 836 144000000
4381194734 1270 836 108000000
4381194748 1565 1105 56000000
4381194762 1330 920 80000000
4381194777 1031 734 140000000
4381194791 1528 1109 88000000
4381194805 1670 1144 84000000
4381194820 1220 827 72000000
4381194835 996 698 108000000
4381194850 1738 1256 116000000
4381194865 1483 1050 112000000
4381194879 1075 754 76000000
4381194893 1361 976 128000000
4381194907 1622 1150 132000000
4381194921 1007 752 96000000
4381194935 1007 635 92000000
4381194949 1611 1117 88000000
4381194964 1348 1039 92000000
4381194979 1101 791 64000000
4381194993 1535 1023 92000000
4381195007 977 683 52000000
4381195021 1263 878 68000000
4381195035 1261 1008 92000000
4381195049 1109 779 100000000
4381195063 925 658 148000000
4381195078 1570 1130 100000000
4381195093 1529 1089 92000000
4381195107 1027 692 108000000
4381195121 1396 995 136000000
4381195136 1671 1150 100000000
4381195150 757 560 68000000
4381195164 1431 1047 112000000
4381195179 1129 807 108000000
4381195193 942 661 72000000
4381195209 1061 761 112000000
4381195223 1153 804 52000000
4381195237 1400 946 96000000
4381195252 1126 775 76000000
4381195267 1086 807 72000000
4381195281 1107 867 84000000
4381195295 799 562 64000000
4381195309 704 510 72000000
4381195323 699 533 60000000
4381195338 1204 854 96000000
4381195353 1409 947 68000000
4381195367 900 648 64000000
4381195382 1158 830 76000000
4381195396 1397 921 88000000
4381195411 1107 781 48000000
4381195426 852 598 64000000
4381195440 949 618 76000000
4381195455 1267 846 92000000
4381195469 1155 784 76000000
4381195484 1418 916 116000000
4381195500 1819 1262 104000000
4381195515 1192 756 124000000
4381195529 982 667 68000000
4381195543 979 674 88000000
4381195557 1139 797 52000000
4381195571 1445 1065 104000000
4381195585 1135 761 40000000
4381195600 1055 722 40000000
4381195614 1196 772 60000000
4381195629 829 566 80000000
4381195643 827 583 124000000
4381195657 662 454 76000000
4381195671 1294 875 136000000
4381195685 1298 894 48000000
4381195699 1242 832 60000000
4381195713 1216 832 40000000
4381195728 1128 753 128000000
4381195742 893 607 72000000
4381195757 1274 938 100000000
4381195771 1323 951 88000000
4381195786 997 681 92000000
4381195801 1709 1097 100000000
4381195815 1262 890 104000000
4381195830 1019 713 116000000
4381195845 1198 786 132000000
4381195859 1611 1131 116000000
4381195874 1960 1387 132000000
4381195888 1452 1020 112000000
4381195902 1237 852 68000000
4381195916 1103 758 108000000
4381195930 1772 1234 124000000
4381195945 1668 1204 96000000
4381195959 1844 1270 76000000
4381195974 1612 1090 116000000
4381195988 1306 833 100000000
4381196002 1232 828 132000000
4381196016 1102 689 104000000
4381196030 1596 1069 88000000
4381196044 1637 1130 116000000
4381196058 1312 890 116000000
4381196073 1776 1213 100000000
4381196088 1150 825 72000000
4381196102 1658 1036 124000000
4381196117 1297 935 84000000
4381196131 1168 753 84000000
4381196146 1007 621 112000000
4381196160 1073 721 80000000
4381196175 1557 1035 104000000
4381196189 1471 1006 96000000
4381196204 756 512 48000000
4381196218 1257 840 88000000
4381196232 944 688 48000000
4381196246 1438 1006 80000000
4381196260 958 614 108000000
4381196274 1460 1019 128000000
4381196290 1255 887 116000000
4381196304 774 562 124000000
4381196318 989 665 100000000
4381196332 1066 770 92000000
4381196347 1218 787 80000000
4381196361 1221 859 88000000
4381196375 1037 727 56000000
4381196390 1351 963 92000000
4381196404 1400 929 120000000
4381196419 1316 905 60000000
4381196433 1003 698 92000000
4381196447 920 566 60000000
4381196461 1003 631 84000000
4381196475 1493 973 72000000
4381196489 1285 822 108000000
4381196504 1265 904 68000000
4381196518 1578 1055 120000000
4381196532 766 477 92000000
4381196546 1283 793 100000000
4381196560 1564 1062 76000000
4381196574 1021 643 80000000
4381196589 994 620 84000000
4381196603 1055 662 72000000
4381196617 1588 928 108000000
4381196631 982 667 112000000
4381196645 1157 705 56000000
4381196660 1762 1085 88000000
4381196675 1553 943 104000000
4381196689 1230 753 60000000
4381196703 1327 805 76000000
4381196717 1731 1061 116000000
4381196732 1225 706 96000000
4381196746 1473 905 92000000
4381196760 1497 886 92000000
4381196774 1318 733 60000000
4381196789 1243 728 108000000
4381196804 1532 895 124000000
4381196818 1485 918 56000000
4381196832 1218 730 96000000
4381196846 1336 767 92000000
4381196860 1457 850 72000000
4381196874 1190 693 92000000
4381196889 1513 932 116000000
4381196903 1063 656 48000000
4381196917 1447 806 144000000
4381196932 1309 782 52000000
4381196946 1332 772 80000000
4381196960 1320 824 80000000
4381196974 1751 1022 64000000
4381196988 1656 971 84000000
4381197002 1506 919 68000000
4381197017 1752 1082 92000000
4381197033 1803 1039 80000000
4381197047 1072 679 72000000
4381197061 1007 610 80000000
4381197075 1444 779 108000000
4381197090 1817 944 120000000
4381197104 1503 894 72000000
4381197118 1925 1144 112000000
4381197132 1531 960 116000000
4381197146 1264 726 96000000
4381197161 2039 1144 112000000
4381197175 1956 1152 136000000
4381197190 1935 1143 100000000
4381197205 1954 1121 88000000
4381197219 1342 771 80000000
4381197234 1594 875 72000000
4381197248 1734 1043 92000000
4381197262 1038 631 100000000
4381197276 940 560 140000000
4381197291 1349 745 108000000
4381197305 1730 1024 88000000
4381197319 1705 968 96000000
4381197333 1455 862 88000000
4381197347 1631 946 112000000
4381197362 1085 658 76000000
4381197377 961 566 120000000
4381197392 1453 864 120000000
4381197407 1553 926 88000000
4381197421 1164 668 120000000
4381197436 1267 726 100000000
4381197450 1321 755 84000000
4381197464 1247 773 56000000
4381197479 1611 912 104000000
4381197494 1496 846 116000000
4381197508 1354 788 104000000
4381197523 1474 887 168000000
4381197537 1176 665 52000000
4381197551 1307 757 88000000
4381197566 1348 780 60000000
4381197580 1319 775 84000000
4381197595 1268 772 68000000
4381197609 1308 789 80000000
4381197623 1157 717 72000000
4381197637 1165 679 64000000
4381197651 1364 764 76000000
4381197665 1501 827 96000000
4381197679 1573 935 96000000
4381197693 1624 946 80000000
4381197708 1930 1107 80000000
4381197722 1701 1040 116000000
4381197737 1778 1076 116000000
4381197752 1464 893 72000000
4381197766 1510 891 128000000
4381197780 1603 945 56000000
4381197795 1705 1022 108000000
4381197810 1782 1073 104000000
4381197824 1741 1096 72000000
4381197838 1286 762 128000000
4381197854 1630 1051 88000000
4381197868 1286 780 84000000
4381197882 1407 894 56000000
4381197896 1484 849 56000000
4381197910 1440 870 96000000
4381197925 1600 957 88000000
4381197939 1487 880 76000000
4381197953 1638 936 100000000
4381197968 1577 917 84000000
4381197982 1726 972 120000000
4381197997 1849 1078 148000000
4381198011 1948 1095 104000000
4381198025 1635 931 120000000
4381198040 1695 958 144000000
4381198055 1711 985 80000000
4381198070 1620 937 112000000
4381198084 1591 957 104000000
4381198098 1383 879 104000000
4381198112 1206 767 96000000
4381198126 1735 981 68000000
4381198140 1642 935 88000000
4381198154 1478 810 64000000
4381198168 1473 860 84000000
4381198183 1466 935 84000000
4381198198 1625 880 68000000
4381198212 1418 787 116000000
4381198227 1557 894 84000000
4381198241 1385 770 72000000
4381198256 1178 678 64000000
4381198270 1387 793 84000000
4381198285 1426 833 68000000
4381198299 1312 795 64000000
4381198314 1346 752 64000000
4381198328 1308 749 120000000
4381198342 1381 806 80000000
4381198357 1489 855 68000000
4381198372 1461 823 80000000
4381198386 1421 856 96000000
4381198401 1415 798 136000000
4381198416 1501 796 84000000
4381198430 1508 841 84000000
4381198444 1588 844 60000000
4381198458 1342 770 84000000
4381198473 1479 820 80000000
4381198488 1595 868 72000000
4381198502 1519 828 92000000
4381198516 1335 683 116000000
4381198530 1561 870 72000000
4381198544 1209 663 108000000
4381198558 1426 813 92000000
4381198572 1449 804 80000000
4381198586 1641 873 68000000
4381198601 1598 839 52000000
4381198615 1458 828 36000000
4381198629 1510 792 72000000
4381198643 1292 718 68000000
4381198657 1522 821 52000000
4381198672 1561 815 76000000
4381198686 1420 779 80000000
4381198701 1440 757 88000000
4381198715 1558 835 64000000
4381198729 1466 794 108000000
4381198743 1404 799 48000000
4381198757 1616 903 48000000
4381198772 1612 882 48000000
4381198786 1527 820 36000000
4381198800 1630 893 72000000
4381198815 1519 842 36000000
4381198830 1568 909 40000000
4381198844 1326 738 60000000
4381198859 1686 967 32000000
4381198873 1525 922 32000000
4381198888 1424 868 60000000
4381198902 1384 837 40000000
4381198916 1479 851 80000000
4381198930 1347 766 36000000
4381198945 1720 1019 44000000
4381198960 1780 1017 40000000
4381198974 1539 841 32000000
4381198988 1452 828 68000000
4381199002 1253 738 44000000
4381199017 1598 880 40000000
4381199031 1230 655 52000000
4381199045 692 401 8000000
4381199059 715 396 0
4381199073 514 284 20000000
4381199087 587 275 8000000
4381199101 537 281 4000000
4381199115 18 6 0
4381199129 0 0 0
4381199144 0 0 0
4381199158 0 0 0
4381199173 57 39 40000000
4381199188 0 0 0
4381199202 0 0 0
4381199217 0 0 0
4381199231 0 0 0
4381199245 0 0 0
4381199259 0 0 0
4381199273 106 39 20000000
4381199287 512 165 4000000
4381199301 890 262 8000000
4381199315 1313 413 4000000
4381199329 1689 491 16000000
4381199343 1835 541 4000000
4381199358 1777 570 8000000
4381199372 1457 420 8000000
4381199386 1007 301 4000000
4381199401 433 114 0
4381199415 0 0 0
4381199430 0 0 0
4381199445 0 0 0
4381199461 0 0 0
4381199475 0 0 0
4381199489 0 0 0
4381199503 0 0 0
4381199518 0 0 0
4381199532 0 0 0
4381199546 0 0 0
4381199561 0 0 0
4381199575 0 0 0
4381199589 0 0 0
4381199603 0 0 0
4381199617 0 0 0
4381199631 61 14 44000000
4381199645 44 13 8000000
4381205715 133582 19 492000000
4381205729 52269 0 204000000
4381205743 0 0 0
4381205757 0 0 0
4381205771 0 0 0
4381205785 0 0 0
4381205799 0 0 0
4381205814 0 0 0
4381205828 0 0 0
4381205842 0 0 0
4381205856 0 0 0
4381205870 0 0 0
4381205884 0 0 0
4381205898 0 0 0
4381205912 0 0 0
4381205926 0 0 0
4381205940 0 0 0
4381205955 0 0 0
4381205969 36877 0 168000000
4381205983 94823 0 432000000
4381205997 9355 0 24000000
4381206011 0 0 0
4381206025 0 0 0
4381206040 0 0 0
4381206054 0 0 0
4381206068 0 0 0
4381206083 0 0 0
4381206098 0 0 0
4381206113 0 0 0
4381206127 0 0 0
4381206141 0 0 0
4381206155 0 0 0
4381206169 0 0 0
4381206183 0 0 0
4381206197 0 0 0
4381206211 0 0 0
4381206225 10399 0 136000000
4381206240 32481 0 440000000
4381206254 55740 0 440000000
4381206268 16273 0 120000000
4381206282 0 0 0
4381206297 0 0 0
4381206311 0 0 0
4381206325 0 0 0
4381206339 0 0 0
4381206353 0 0 0
4381206368 0 0 0
4381206382 0 0 0
4381206397 0 0 0
4381206411 0 0 0
4381206425 0 0 0
4381206439 0 0 0
4381206453 0 0 0
4381206467 0 0 0
4381206481 0 0 0
4381206496 2099 0 24000000
4381206510 25688 0 340000000
4381206524 39573 0 436000000
4381206538 28685 0 340000000
4381206552 0 0 0
4381206566 0 0 0
4381206581 0 0 0
4381206595 0 0 0
4381206609 0 0 0
4381206623 0 0 0
4381206637 0 0 0
4381206651 0 0 0
4381206665 0 0 0
4381206679 0 0 0
4381206693 0 0 0
4381206708 0 0 0
4381206722 0 0 0
4381206736 0 0 0
4381206750 0 0 0
4381206764 4100 0 28000000
4381206778 12856 0 100000000
4381206792 26824 0 420000000
4381206806 34120 0 388000000
4381206820 0 0 0
4381206834 0 0 0
4381206849 0 0 0
4381206864 0 0 0
4381206878 0 0 0
4381206892 0 0 0
4381206906 0 0 0
4381206920 0 0 0
4381206935 0 0 0
4381206950 0 0 0
4381206964 0 0 0
4381206979 0 0 0
4381206993 0 0 0
4381207008 0 0 0
4381207022 3438 0 40000000
4381207036 7681 0 108000000
4381207050 7089 0 72000000
4381207064 15937 0 396000000
4381207079 18328 0 456000000
4381207094 12849 0 168000000
4381207108 0 0 0
4381207123 0 0 0
4381207138 0 0 0
4381207153 0 0 0
4381207167 0 0 0
4381207181 0 0 0
4381207195 0 0 0
4381207209 0 0 0
4381207223 0 0 0
4381207237 0 0 0
4381207252 0 0 0
4381207267 0 0 0
4381207281 2807 0 32000000
4381207295 2929 0 84000000
4381207309 8299 0 104000000
4381207323 2943 0 12000000
4381207337 10649 0 152000000
4381207351 17408 0 448000000
4381207365 8298 0 128000000
4381207379 0 0 0
4381207394 0 0 0
4381207409 0 0 0
4381207423 0 0 0
4381207438 0 0 0
4381207452 0 0 0
4381207466 0 0 0
4381207481 0 0 0
4381207495 0 0 0
4381207510 0 0 0
4381207524 0 0 0
4381207538 834 0 28000000
4381207552 1481 0 12000000
4381207566 6868 0 184000000
4381207580 7718 0 48000000
4381207595 1619 0 12000000
4381207609 7136 0 196000000
4381207623 14793 0 444000000
4381207637 3536 0 40000000
4381207652 0 0 0
4381207667 0 0 0
4381207681 0 0 0
4381207696 0 0 0
4381207711 0 0 0
4381207725 0 0 0
4381207739 0 0 0
4381207753 0 0 0
4381207768 0 0 0
4381207783 0 0 0
4381207797 1148 0 24000000
4381207812 726 0 8000000
4381207827 2661 0 132000000
4381207841 9983 0 300000000
4381207855 474 0 4000000
4381207869 2355 0 36000000
4381207884 8192 0 372000000
4381207898 10067 0 300000000
4381207913 0 0 0
4381207928 0 0 0
4381207942 0 0 0
4381207956 0 0 0
4381207970 0 0 0
4381207984 0 0 0
4381207998 0 0 0
4381208012 0 0 0
4381208026 0 0 0
4381208040 0 0 0
4381208057 779 0 24000000
4381208071 823 0 4000000
4381208085 0 0 0
4381208099 3819 0 272000000
4381208113 6291 0 384000000
4381208128 2706 0 104000000
4381208143 2039 0 36000000
4381208157 5725 0 428000000
4381208171 8256 0 268000000
4381208185 0 0 0
4381208199 0 0 0
4381208214 0 0 0
4381208229 0 0 0
4381208243 0 0 0
4381208258 0 0 0
4381208273 0 0 0
4381208287 0 0 0
4381208301 0 0 0
4381208315 424 0 16000000
4381208329 828 0 16000000
4381208343 0 0 0
4381208357 0 0 0
4381208371 1530 0 112000000
4381208385 4733 0 388000000
4381208399 3892 0 324000000
4381208413 7028 0 240000000
4381208427 13873 0 328000000
4381208441 5148 0 300000000
4381208456 14081 0 268000000
4381208471 34010 0 240000000
4381208486 9977 0 32000000
4381208500 0 0 0
4381208515 0 0 0
4381208530 0 0 0
4381208545 0 0 0
4381208559 0 0 0
4381208573 1306 99 4000000
4381208587 7081 369 20000000
4381208601 265 18 0
4381208616 0 0 0
4381208631 0 0 0
4381208645 914 73 8000000
4381208659 7477 280 48000000
4381208673 36602 500 172000000
4381208687 19382 387 116000000
4381208701 11396 508 80000000
4381208715 10248 282 32000000
4381208729 28516 230 200000000
4381208743 27813 322 220000000
4381208757 4063 402 20000000
4381208771 0 0 0
4381208786 0 0 0
4381208800 0 0 0
4381208814 0 0 0
4381208829 0 0 0
4381208843 366 38 4000000
4381208858 2953 355 16000000
4381208872 3445 422 12000000
4381208886 9 3 0
4381208900 0 0 0
4381208914 0 0 0
4381208928 13405 32 116000000
4381208942 16254 435 80000000
4381208956 8181 514 64000000
4381208970 11002 675 64000000
4381208984 11517 601 100000000
4381208998 22377 342 208000000
4381209012 13172 489 124000000
4381209026 6337 670 84000000
4381209040 5749 721 48000000
4381209055 3430 471 48000000
4381209069 3123 544 24000000
4381209083 3443 611 28000000
4381209097 0 0 0
4381209112 0 0 0
4381209126 214 45 4000000
4381209140 2140 388 16000000
4381209154 1766 327 8000000
4381209169 1226 212 0
4381209183 6354 16 20000000
4381209197 11453 77 56000000
4381209211 8 1 0
4381209225 4625 369 16000000
4381209240 8866 435 56000000
4381209255 10609 479 52000000
4381209269 9145 605 88000000
4381209284 7922 601 88000000
4381209299 6424 609 56000000
4381209313 4970 626 52000000
4381209327 4109 618 68000000
4381209342 4486 692 48000000
4381209357 4809 761 64000000
4381209371 2672 515 36000000
4381209385 3847 684 32000000
4381209399 2931 561 44000000
4381209413 1977 362 4000000
4381209427 1865 387 8000000
4381209441 3830 418 32000000
4381209455 7064 457 88000000
4381209469 5928 473 44000000
4381209483 1106 89 4000000
4381209497 4006 262 24000000
4381209511 4376 458 28000000
4381209525 4541 518 36000000
4381209539 4251 595 44000000
4381209553 4342 595 40000000
4381209567 3806 571 92000000
4381209581 3616 585 72000000
4381209595 3773 623 40000000
4381209609 3563 631 32000000
4381209623 3647 633 72000000
4381209638 4191 791 64000000
4381209652 2180 418 52000000
4381209667 3475 611 104000000
4381209681 3454 703 80000000
4381209695 2478 473 72000000
4381209709 3709 699 48000000
4381209724 3327 635 68000000
4381209738 2587 473 80000000
4381209753 3220 691 72000000
4381209768 4146 833 44000000
4381209783 4312 806 64000000
4381209798 3288 586 32000000
4381209812 2428 395 44000000
4381209826 2411 420 44000000
4381209840 3844 654 44000000
4381209854 2968 559 48000000
4381209868 4667 838 64000000
4381209882 3437 601 92000000
4381209896 3717 751 40000000
4381209910 4175 762 64000000
4381209924 2077 349 68000000
4381209938 3406 696 52000000
4381209952 3984 920 52000000
4381209966 3274 756 36000000
4381209981 2493 710 12000000
4381209995 225 67 8000000
4381210009 1325 423 4000000
4381210023 2018 623 56000000
4381210038 2476 777 40000000
4381210053 2549 807 32000000
4381210067 2502 700 28000000
4381210081 1106 284 36000000
4381210095 3782 784 48000000
4381210109 4502 840 100000000
4381210123 2022 412 52000000
4381210137 3825 784 92000000
4381210151 3505 765 132000000
4381210166 1896 415 72000000
4381210180 2925 691 72000000
4381210194 2287 518 80000000
4381210208 2055 490 112000000
4381210222 3230 678 92000000
4381210237 2679 665 80000000
4381210251 1529 349 116000000
4381210265 2122 548 76000000
4381210279 1873 457 64000000
4381210293 2918 740 80000000
4381210308 3112 705 60000000
4381210323 2438 713 80000000
4381210337 2900 800 80000000
4381210351 1449 424 64000000
4381210365 2449 696 72000000
4381210379 3026 801 88000000
4381210393 1801 491 68000000
4381210407 2234 698 48000000
4381210422 3180 883 80000000
4381210437 2411 620 76000000
4381210451 3298 835 104000000
4381210465 2943 790 92000000
4381210479 1752 455 84000000
4381210493 3296 788 88000000
4381210510 3727 889 76000000
4381210524 2710 647 32000000
4381210538 1836 520 24000000
4381210552 953 299 28000000
4381210567 2180 608 12000000
4381210581 2748 617 36000000
4381210595 1785 421 28000000
4381210609 1382 319 4000000
4381210624 2431 598 20000000
4381210638 2806 754 56000000
4381210652 1990 497 40000000
4381210666 1523 389 64000000
4381210680 2135 669 48000000
4381210694 2743 843 84000000
4381210708 2224 612 60000000
4381210722 2784 859 80000000
4381210736 2258 673 108000000
4381210750 1491 488 88000000
4381210765 2881 824 68000000
4381210779 2049 578 68000000
4381210793 1394 384 100000000
4381210807 2822 782 48000000
4381210823 1928 567 124000000
4381210838 2622 741 128000000
4381210853 2999 793 76000000
4381210867 2142 546 92000000
4381210882 2906 788 64000000
4381210896 2566 683 48000000
4381210910 2217 594 152000000
4381210925 2856 773 96000000
4381210939 2791 706 84000000
4381210953 1682 414 88000000
4381210968 3161 792 76000000
4381210982 2806 720 80000000
4381210997 2272 533 80000000
4381211011 3133 800 32000000
4381211026 2719 724 96000000
4381211041 2159 576 68000000
4381211055 2555 707 52000000
4381211069 1726 496 56000000
4381211084 1912 572 32000000
4381211098 3172 947 32000000
4381211113 2107 728 16000000
4381211127 1921 641 16000000
4381211142 1492 521 16000000
4381211157 434 139 12000000
4381211172 553 199 0
4381211186 886 269 8000000
4381211200 1880 503 12000000
4381211214 2618 685 44000000
4381211229 2637 742 84000000
4381211243 1697 422 60000000
4381211257 2710 713 44000000
4381211272 3498 884 64000000
4381211286 2726 680 72000000
4381211301 2964 762 88000000
4381211316 2130 528 104000000
4381211330 2346 604 120000000
4381211344 2631 697 96000000
4381211358 3259 800 132000000
4381211372 3107 794 104000000
4381211386 3414 888 92000000
4381211400 2403 631 172000000
4381211415 2442 649 104000000
4381211430 3356 878 76000000
4381211444 2670 719 112000000
4381211458 2852 744 96000000
4381211472 2791 734 96000000
4381211486 2209 560 84000000
4381211501 1981 549 64000000
4381211516 3016 825 112000000
4381211531 2523 673 76000000
4381211545 2287 655 64000000
4381211559 2376 725 24000000
4381211573 2337 741 28000000
4381211587 1985 642 36000000
4381211601 1756 565 28000000
4381211615 788 263 12000000
4381211629 0 0 0
4381211643 42 11 12000000
4381211658 0 0 0
4381211673 227 54 0
4381211687 1977 519 32000000
4381211701 2147 565 8000000
4381211715 2260 594 16000000
4381211730 656 185 0
4381211745 892 260 4000000
4381211760 1314 394 24000000
4381211775 904 266 4000000
4381211790 422 121 0
4381211804 402 110 16000000
4381211819 0 0 0
4381211833 3 0 4000000
4381211847 818 217 24000000
4381211862 1830 272 16000000
4381211877 1338 335 20000000
4381211891 1481 336 12000000
4381211906 47 10 0
4381211920 0 0 0
4381211935 0 0 0
4381211950 0 0 0
4381211964 0 0 0
4381211978 68 5 64000000
4381211992 0 0 0
4381212007 0 0 0
4381212022 0 0 0
4381212036 0 0 0
4381212051 0 0 0
4381212065 79 17 32000000
4381212079 0 0 0
4381212093 0 0 0
4381212107 0 0 0
4381212121 0 0 0
4381212135 0 0 0
4381212149 48 10 32000000
read 1860 profiled data
